{
 "cells": [
  {
   "cell_type": "markdown",
   "metadata": {},
   "source": [
    "# Network Infrastructure\n",
    "\n",
    "\n",
    "### Description\n",
    "\n",
    "Network topology is at the heart of today's hierarchacal internet infrastructure, from connecting machines in an office to datacenters between continients. ISP and private companies would like to provide connectivity and performance while reducing the amount of infrastructure and overall costs they must incur.\n",
    "\n",
    "We consider the task of a major Internet company (e.g. Google) or cable company tasked with the role of connecting major cities across the US. The company is seeking to install fiber optic cables between major cities (e.g. connecting data centers). However, installing network cables are no cheap feat, so there are incentives to reducing the amount of cabling used. However, the company would also like to maximize performance by reducing/controlling latency. \n",
    "\n",
    "A network of routers which send packets from one router to another. In reality, the path that an Internet packet can follow across this hierarchacal network can very unpredictable due to various routing protocols and packet switching between multiple organizations. However, on our organization's fiber optic network, we assume that packets received at one data center will be routed on the \"shortest path\" across our network (which we know a-priori) to the destination data center (before being passed on to the local routers). \n",
    "\n",
    "Options to rent\n",
    "\n",
    "Our choice of sample cities is based upon Amazon's current distribution of US-based data centers and CDNs, including many major US cities and regions where key datacenters and cloud services are based. We have removed several cities which were located closely to other cities (within 50 miles, such as San Jose, CA) and added several other major cities for analytical purposes\n",
    "\n",
    "### A Brief History\n",
    "\n",
    "\n",
    "### Importance, Relevance\n",
    "\n",
    "\n",
    "### Assumtions\n",
    "\n",
    "We will operate under the generalization that each mile of fiber optic installation costs \\$50,000. This estimate excludes all fixed and long term costs of maintainance, management, etc.\n",
    "\n",
    "We also assume that the fiber optic cables can be run directly between locations in a \"straight\" line (on a curved Earth). This means we ignore the ramifications of infrastructure, geography, and socioeconomic policy which would affect the costs and feasibility of these installation routes. For our distance measures between locations, we use the Vincenty formula, which approximates straight line distances on an elipsoidal Earth. "
   ]
  },
  {
   "cell_type": "code",
   "execution_count": null,
   "metadata": {
    "collapsed": true
   },
   "outputs": [],
   "source": []
  },
  {
   "cell_type": "code",
   "execution_count": 3,
   "metadata": {
    "collapsed": false
   },
   "outputs": [
    {
     "data": {
      "text/html": [
       "<script charset=\"utf-8\">(function ($, undefined) {\n",
       "\n",
       "    function createElem(tag, attr, content) {\n",
       "\t// TODO: remove jQuery dependency\n",
       "\tvar el = $(\"<\" + tag + \"/>\").attr(attr);\n",
       "\tif (content) {\n",
       "\t    el.append(content);\n",
       "\t}\n",
       "\treturn el[0];\n",
       "    }\n",
       "\n",
       "    // A widget must expose an id field which identifies it to the backend,\n",
       "    // an elem attribute which is will be added to the DOM, and\n",
       "    // a getState() method which returns the value to be sent to the backend\n",
       "    // a sendUpdate() method which sends its current value to the backend\n",
       "    var Widget = {\n",
       "\tid: undefined,\n",
       "\telem: undefined,\n",
       "\tlabel: undefined,\n",
       "\tgetState: function () {\n",
       "\t    return this.elem.value;\n",
       "\t},\n",
       "\tsendUpdate: undefined\n",
       "    };\n",
       "\n",
       "    var Slider = function (typ, id, init) {\n",
       "\tvar attr = { type:  \"range\",\n",
       "\t\t     value: init.value,\n",
       "\t\t     min:   init.min,\n",
       "\t\t     max:   init.max,\n",
       "\t\t     step:  init.step },\n",
       "\t    elem = createElem(\"input\", attr),\n",
       "\t    self = this;\n",
       "\n",
       "\telem.onchange = function () {\n",
       "\t    self.sendUpdate();\n",
       "\t}\n",
       "\n",
       "\tthis.id = id;\n",
       "\tthis.elem = elem;\n",
       "\tthis.label = init.label;\n",
       "\n",
       "\tInputWidgets.commInitializer(this); // Initialize communication\n",
       "    }\n",
       "    Slider.prototype = Widget;\n",
       "\n",
       "    var Checkbox = function (typ, id, init) {\n",
       "\tvar attr = { type: \"checkbox\",\n",
       "\t\t     checked: init.value },\n",
       "\t    elem = createElem(\"input\", attr),\n",
       "\t    self = this;\n",
       "\n",
       "\tthis.getState = function () {\n",
       "\t    return elem.checked;\n",
       "\t}\n",
       "\telem.onchange = function () {\n",
       "\t    self.sendUpdate();\n",
       "\t}\n",
       "\n",
       "\tthis.id = id;\n",
       "\tthis.elem = elem;\n",
       "\tthis.label = init.label;\n",
       "\n",
       "\tInputWidgets.commInitializer(this);\n",
       "    }\n",
       "    Checkbox.prototype = Widget;\n",
       "\n",
       "    var Button = function (typ, id, init) {\n",
       "\tvar attr = { type:    \"button\",\n",
       "\t\t     value:   init.label },\n",
       "\t    elem = createElem(\"input\", attr),\n",
       "\t    self = this;\n",
       "\tthis.getState = function () {\n",
       "\t    return null;\n",
       "\t}\n",
       "\telem.onclick = function () {\n",
       "\t    self.sendUpdate();\n",
       "\t}\n",
       "\n",
       "\tthis.id = id;\n",
       "\tthis.elem = elem;\n",
       "\tthis.label = init.label;\n",
       "\n",
       "\tInputWidgets.commInitializer(this);\n",
       "    }\n",
       "    Button.prototype = Widget;\n",
       "\n",
       "    var Text = function (typ, id, init) {\n",
       "\tvar attr = { type:  \"text\",\n",
       "\t\t     placeholder: init.label,\n",
       "\t\t     value: init.value },\n",
       "\t    elem = createElem(\"input\", attr),\n",
       "\t    self = this;\n",
       "\tthis.getState = function () {\n",
       "\t    return elem.value;\n",
       "\t}\n",
       "\telem.onkeyup = function () {\n",
       "\t    self.sendUpdate();\n",
       "\t}\n",
       "\n",
       "\tthis.id = id;\n",
       "\tthis.elem = elem;\n",
       "\tthis.label = init.label;\n",
       "\n",
       "\tInputWidgets.commInitializer(this);\n",
       "    }\n",
       "    Text.prototype = Widget;\n",
       "\n",
       "    var Textarea = function (typ, id, init) {\n",
       "\tvar attr = { placeholder: init.label },\n",
       "\t    elem = createElem(\"textarea\", attr, init.value),\n",
       "\t    self = this;\n",
       "\tthis.getState = function () {\n",
       "\t    return elem.value;\n",
       "\t}\n",
       "\telem.onchange = function () {\n",
       "\t    self.sendUpdate();\n",
       "\t}\n",
       "\n",
       "\tthis.id = id;\n",
       "\tthis.elem = elem;\n",
       "\tthis.label = init.label;\n",
       "\n",
       "\tInputWidgets.commInitializer(this);\n",
       "    }\n",
       "    Textarea.prototype = Widget;\n",
       "\n",
       "    // RadioButtons\n",
       "    // Dropdown\n",
       "    // HTML\n",
       "    // Latex\n",
       "\n",
       "    var InputWidgets = {\n",
       "\tSlider: Slider,\n",
       "\tCheckbox: Checkbox,\n",
       "\tButton: Button,\n",
       "\tText: Text,\n",
       "\tTextarea: Textarea,\n",
       "\tdebug: false,\n",
       "\tlog: function () {\n",
       "\t    if (InputWidgets.debug) {\n",
       "\t\tconsole.log.apply(console, arguments);\n",
       "\t    }\n",
       "\t},\n",
       "\t// a central way to initalize communication\n",
       "\t// for widgets.\n",
       "\tcommInitializer: function (widget) {\n",
       "\t    widget.sendUpdate = function () {};\n",
       "\t}\n",
       "    };\n",
       "\n",
       "    window.InputWidgets = InputWidgets;\n",
       "\n",
       "})(jQuery, undefined);\n",
       "</script>"
      ]
     },
     "metadata": {},
     "output_type": "display_data"
    },
    {
     "data": {
      "text/html": [
       "<div id=\"interact-js-shim\">\n",
       "    <script charset=\"utf-8\">\n",
       "(function (IPython, $, _, MathJax, Widgets) {\n",
       "    $.event.special.destroyed = {\n",
       "\tremove: function(o) {\n",
       "\t    if (o.handler) {\n",
       "\t\to.handler.apply(this, arguments)\n",
       "\t    }\n",
       "\t}\n",
       "    }\n",
       "\n",
       "    var OutputArea = IPython.version >= \"4.0.0\" ? require(\"notebook/js/outputarea\").OutputArea : IPython.OutputArea;\n",
       "\n",
       "    var redrawValue = function (container, type, val) {\n",
       "\tvar selector = $(\"<div/>\");\n",
       "\tvar oa = new OutputArea(_.extend(selector, {\n",
       "\t    selector: selector,\n",
       "\t    prompt_area: true,\n",
       "\t    events: IPython.events,\n",
       "\t    keyboard_manager: IPython.keyboard_manager\n",
       "\t})); // Hack to work with IPython 2.1.0\n",
       "\n",
       "\tswitch (type) {\n",
       "\tcase \"image/png\":\n",
       "            var _src = 'data:' + type + ';base64,' + val;\n",
       "\t    $(container).find(\"img\").attr('src', _src);\n",
       "\t    break;\n",
       "\tdefault:\n",
       "\t    var toinsert = OutputArea.append_map[type].apply(\n",
       "\t\toa, [val, {}, selector]\n",
       "\t    );\n",
       "\t    $(container).empty().append(toinsert.contents());\n",
       "\t    selector.remove();\n",
       "\t}\n",
       "\tif (type === \"text/latex\" && MathJax) {\n",
       "\t    MathJax.Hub.Queue([\"Typeset\", MathJax.Hub, toinsert.get(0)]);\n",
       "\t}\n",
       "    }\n",
       "\n",
       "\n",
       "    $(document).ready(function() {\n",
       "\tWidgets.debug = false; // log messages etc in console.\n",
       "\tfunction initComm(evt, data) {\n",
       "\t    var comm_manager = data.kernel.comm_manager;\n",
       "        //_.extend(comm_manager.targets, require(\"widgets/js/widget\"))\n",
       "\t    comm_manager.register_target(\"Signal\", function (comm) {\n",
       "            comm.on_msg(function (msg) {\n",
       "                //Widgets.log(\"message received\", msg);\n",
       "                var val = msg.content.data.value;\n",
       "                $(\".signal-\" + comm.comm_id).each(function() {\n",
       "                var type = $(this).data(\"type\");\n",
       "                if (val[type]) {\n",
       "                    redrawValue(this, type, val[type], type);\n",
       "                }\n",
       "                });\n",
       "                delete val;\n",
       "                delete msg.content.data.value;\n",
       "            });\n",
       "\t    });\n",
       "\n",
       "\t    // coordingate with Comm and redraw Signals\n",
       "\t    // XXX: Test using Reactive here to improve performance\n",
       "\t    $([IPython.events]).on(\n",
       "\t\t'output_appended.OutputArea', function (event, type, value, md, toinsert) {\n",
       "\t\t    if (md && md.reactive) {\n",
       "                // console.log(md.comm_id);\n",
       "                toinsert.addClass(\"signal-\" + md.comm_id);\n",
       "                toinsert.data(\"type\", type);\n",
       "                // Signal back indicating the mimetype required\n",
       "                var comm_manager = IPython.notebook.kernel.comm_manager;\n",
       "                var comm = comm_manager.comms[md.comm_id];\n",
       "                comm.then(function (c) {\n",
       "                    c.send({action: \"subscribe_mime\",\n",
       "                       mime: type});\n",
       "                    toinsert.bind(\"destroyed\", function() {\n",
       "                        c.send({action: \"unsubscribe_mime\",\n",
       "                               mime: type});\n",
       "                    });\n",
       "                })\n",
       "\t\t    }\n",
       "\t    });\n",
       "\t}\n",
       "\n",
       "\ttry {\n",
       "\t    // try to initialize right away. otherwise, wait on the status_started event.\n",
       "\t    initComm(undefined, IPython.notebook);\n",
       "\t} catch (e) {\n",
       "\t    $([IPython.events]).on('kernel_created.Kernel kernel_created.Session', initComm);\n",
       "\t}\n",
       "    });\n",
       "})(IPython, jQuery, _, MathJax, InputWidgets);\n",
       "</script>\n",
       "    <script>\n",
       "        window.interactLoadedFlag = true\n",
       "       $(\"#interact-js-shim\").bind(\"destroyed\", function () {\n",
       "           if (window.interactLoadedFlag) {\n",
       "               console.warn(\"JavaScript required by Interact will be removed if you remove this cell or run using Interact more than once.\")\n",
       "           }\n",
       "       })\n",
       "       $([IPython.events]).on(\"kernel_starting.Kernel kernel_restarting.Kernel\", function () { window.interactLoadedFlag = false })\n",
       "   </script>\n",
       "</div>"
      ]
     },
     "metadata": {},
     "output_type": "display_data"
    },
    {
     "name": "stderr",
     "output_type": "stream",
     "text": [
      "/Users/patron/anaconda/lib/python2.7/site-packages/matplotlib/font_manager.py:273: UserWarning: Matplotlib is building the font cache using fc-list. This may take a moment.\n",
      "  warnings.warn('Matplotlib is building the font cache using fc-list. This may take a moment.')\n"
     ]
    }
   ],
   "source": [
    "using JuMP\n",
    "using Ipopt\n",
    "using Clp\n",
    "using NamedArrays\n",
    "using PyPlot\n",
    "using Interact"
   ]
  },
  {
   "cell_type": "code",
   "execution_count": null,
   "metadata": {
    "collapsed": false
   },
   "outputs": [],
   "source": [
    "# Amazon\n",
    "centers = [\n",
    "    \"Ashburn, VA\",\n",
    "    \"Atlanta, GA\",\n",
    "    \"Chicago, IL\",\n",
    "    \"Dallas/Fort Worth, TX\",\n",
    "    \"Jacksonville, FL\",\n",
    "    \"Los Angeles, CA\",\n",
    "    \"Miami, FL\",\n",
    "    \"New York, NY\",\n",
    "    \"Palo Alto, CA\",\n",
    "    \"Seattle, WA\",\n",
    "    \"South Bend, IN\",\n",
    "    \"St. Louis, MO\",\n",
    "    \"Boardman, OR\",\n",
    "];\n",
    "\n",
    "raw = [\n",
    "    0 530.09 568.43 1173.61 645.49 2274.22 927.81 219.44 2408.07 2301.47 496.75 685.79 2181.78; \n",
    "    530.09 0 587.61 734.14 284.9 1936.72 604.25 747.91 2127.93 2182.0 556.57 467.22 2034.73 ;\n",
    "    568.43 587.61 0 809.46 862.54 1745.96 1188.01 713.32 1854.17 1737.66 72.23 262.15 1614.39; \n",
    "    1173.61 734.14 809.46 0 922.51 1225.95 1125.18 1384.13 1453.2 1668.59 850.49 553.85 1500.59; \n",
    "    645.49 284.9 862.54 922.51 0 2147.67 326.31 836.25 2360.7 2455.02 823.52 750.69 2304.03 ;\n",
    "    2274.22 1936.72 1745.96 1225.95 2147.67 0 2339.02 2451.84 320.99 958.82 1814.78 1589.42 816.75;\n",
    "    927.81 604.25 1188.01 1125.18 326.31 2339.02 0 1090.82 2578.14 2733.5 1149.82 1060.41 2576.42 ;\n",
    "    219.44 747.91 713.32 1384.13 836.25 2451.84 1090.82 0 2567.48 2408.45 641.93 874.99 2300.21; \n",
    "    2408.07 2127.93 1854.17 1453.2 2360.7 320.99 2578.14 2567.48 0 701.45 1925.71 1736.84 593.33; \n",
    "    2301.47 2182.0 1737.66 1668.59 2455.02 958.82 2733.5 2408.45 701.45 0 1807.53 1724.02 174.48 ;\n",
    "    496.75 556.57 72.23 850.49 823.52 1814.78 1149.82 641.93 1925.71 1807.53 0 296.82 1685.43; \n",
    "    685.79 467.22 262.15 553.85 750.69 1589.42 1060.41 874.99 1736.84 1724.02 296.82 0 1582.46; \n",
    "    2181.78 2034.73 1614.39 1500.59 2304.03 816.75 2576.42 2300.21 593.33 174.48 1685.43 1582.46 0;\n",
    "];\n",
    "\n",
    "distance = NamedArray(raw, (centers,centers), (\"from\",\"to\"))\n",
    "n = length(centers)\n",
    "\n",
    "data = [\n",
    "    39.0437192 -77.4874898;\n",
    "    33.7490987 -84.3901848;\n",
    "    41.8755546 -87.6244211;\n",
    "    32.837113 -97.0363141;\n",
    "    30.3321838 -81.6556509;\n",
    "    34.0543942 -118.2439408;\n",
    "    25.7742658 -80.1936588;\n",
    "    40.7305991 -73.9865811;\n",
    "    37.442156 -122.1634471;\n",
    "    47.6038321 -122.3300623;\n",
    "    41.6833813 -86.2500065;\n",
    "    38.6272733 -90.1978888;\n",
    "    45.839855 -119.7005833;\n",
    "]\n",
    "lat = Dict(zip(centers,data[:,1]));\n",
    "lon = Dict(zip(centers,data[:,2]));"
   ]
  },
  {
   "cell_type": "code",
   "execution_count": 4,
   "metadata": {
    "collapsed": false
   },
   "outputs": [],
   "source": [
    "# Zayo Data centers\n",
    "centers = [\n",
    "    \"Ashburn, VA\", \n",
    "    \"Atlanta, GA\",\n",
    "    \"Austin, TX\",\n",
    "    \"Boise, ID\",\n",
    "    \"Boston, MA\",\n",
    "    \"Chicago, IL\",\n",
    "    \"Cincinnati, OH\",\n",
    "    \"Dallas, TX\",\n",
    "    \"Denver, CO\",\n",
    "    \"Las Vegas, NV\",\n",
    "    \"Los Angeles, CA\",\n",
    "    \"Miami, FL\", \n",
    "    \"Minneapolis, MN\",\n",
    "    \"Nashville, TN\",\n",
    "    \"New York, NY\",\n",
    "    \"Palo Alto, CA\",\n",
    "    \"Seattle, WA\"\n",
    "];\n",
    "\n",
    "raw = [\n",
    "0 530.09 1298.47 2019.68 407.64 568.43 377.67 1163.11 1466.9 2061.18 2274.22 927.81 907.4 546.61 219.44 2408.07 2301.47 \n",
    "530.09 0 819.05 1835.68 936.77 587.61 369.12 720.98 1211.82 1746.3 1936.72 604.25 907.48 214.41 747.91 2127.93 2182.0 \n",
    "1298.47 819.05 0 1369.13 1695.9 978.7 966.71 181.41 770.49 1084.97 1227.24 1114.85 1043.11 753.26 1514.07 1483.42 1770.16 \n",
    "2019.68 1835.68 1369.13 0 2260.77 1451.59 1666.27 1288.75 638.33 517.03 668.68 2363.43 1137.39 1636.24 2153.05 528.88 404.84 \n",
    "407.64 936.77 1695.9 2260.77 0 850.51 740.15 1551.6 1769.63 2375.49 2596.47 1255.68 1123.74 942.98 188.88 2695.68 2492.19 \n",
    "568.43 587.61 978.7 1451.59 850.51 0 251.98 804.53 920.44 1525.31 1745.96 1188.01 355.4 396.76 713.32 1854.17 1737.66 \n",
    "377.67 369.12 966.71 1666.27 740.15 251.98 0 814.07 1093.91 1684.43 1896.68 952.06 605.37 237.64 570.01 2035.78 1971.4 \n",
    "1163.11 720.98 181.41 1288.75 1551.6 804.53 814.07 0 662.38 1071.64 1240.4 1110.68 862.67 617.53 1374.14 1467.73 1681.41 \n",
    "1466.9 1211.82 770.49 638.33 1769.63 920.44 1093.91 662.38 0 606.85 831.19 1725.4 699.41 1022.67 1632.05 941.87 1021.34 \n",
    "2061.18 1746.3 1084.97 517.03 2375.49 1525.31 1684.43 1071.64 606.85 0 227.85 2181.13 1296.22 1580.67 2234.21 398.66 871.0 \n",
    "2274.22 1936.72 1227.24 668.68 2596.47 1745.96 1896.68 1240.4 831.19 227.85 0 2339.02 1523.57 1780.85 2451.84 320.99 958.82 \n",
    "927.81 604.25 1114.85 2363.43 1255.68 1188.01 952.06 1110.68 1725.4 2181.13 2339.02 0 1511.2 814.76 1090.82 2578.14 2733.5 \n",
    "907.4 907.48 1043.11 1137.39 1123.74 355.4 605.37 862.67 699.41 1296.22 1523.57 1511.2 0 697.01 1019.23 1583.16 1395.08 \n",
    "546.61 214.41 753.26 1636.24 942.98 396.76 237.64 617.53 1022.67 1580.67 1780.85 814.76 697.01 0 760.88 1952.83 1974.66 \n",
    "219.44 747.91 1514.07 2153.05 188.88 713.32 570.01 1374.14 1632.05 2234.21 2451.84 1090.82 1019.23 760.88 0 2567.48 2408.45 \n",
    "2408.07 2127.93 1483.42 528.88 2695.68 1854.17 2035.78 1467.73 941.87 398.66 320.99 2578.14 1583.16 1952.83 2567.48 0 701.45 \n",
    "2301.47 2182.0 1770.16 404.84 2492.19 1737.66 1971.4 1681.41 1021.34 871.0 958.82 2733.5 1395.08 1974.66 2408.45 701.45 0\n",
    "];\n",
    "\n",
    "distance = NamedArray(raw, (centers,centers), (\"from\",\"to\"))\n",
    "n = length(centers)\n",
    "\n",
    "data = [\n",
    "39.0437192 -77.4874898;\n",
    "33.7490987 -84.3901848;\n",
    "30.2711286 -97.7436994;\n",
    "43.61656 -116.2008349;\n",
    "42.3604823 -71.0595677;\n",
    "41.8755546 -87.6244211;\n",
    "39.1014537 -84.5124601;\n",
    "32.7762719 -96.7968558;\n",
    "39.7391536 -104.9847033;\n",
    "36.1662859 -115.1492249;\n",
    "34.0543942 -118.2439408;\n",
    "25.7742658 -80.1936588;\n",
    "44.9772995 -93.2654691;\n",
    "36.1622296 -86.774353;\n",
    "40.7305991 -73.9865811;\n",
    "37.442156 -122.1634471;\n",
    "47.6038321 -122.3300623;\n",
    "];\n",
    "lat = Dict(zip(centers,data[:,1]));\n",
    "lon = Dict(zip(centers,data[:,2]));"
   ]
  },
  {
   "cell_type": "code",
   "execution_count": null,
   "metadata": {
    "collapsed": false
   },
   "outputs": [],
   "source": [
    "# Min data set for testing\n",
    "\n",
    "centers = [\"Boston\",\"LA\",\"Chicago\",\"Dallas\"];\n",
    "\n",
    "raw = [\n",
    "    0 2600 850 1500;\n",
    "    2600 0 1700 1300; \n",
    "    850 1700 0 805;\n",
    "    1500 1300 805 0;\n",
    "];\n",
    "\n",
    "distance = NamedArray(raw, (centers,centers), (\"from\",\"to\"));\n",
    "n = length(centers);\n",
    "\n",
    "data = [ \n",
    "    42.3601 -71.0589;\n",
    "    34.0522 -118.2437;\n",
    "    41.8781 -87.6298;\n",
    "    32.7767 -96.7970;\n",
    "];\n",
    "lat = Dict(zip(centers,data[:,1]));\n",
    "lon = Dict(zip(centers,data[:,2]));\n",
    "\n"
   ]
  },
  {
   "cell_type": "markdown",
   "metadata": {},
   "source": [
    "# Optimal Min Cost\n",
    "\n",
    "## Min Spanning Tree\n",
    "http://www.columbia.edu/~cs2035/courses/ieor6614.S16/mst-lp.pdf\n",
    "\n",
    "Trees of n nodes must have exactly n-1 edges. \n",
    "\n",
    "To prevent disconnected components, we use a subtour elimination constraint that prevents cycles. To do so, we consider every possible subset of nodes S and require that the induced subgraph (that is, the subgraph with edges only between these points) must have less than $|S|-1$ edges. This does require us to generate and enummerate $2^{n}$ constraints since there are $2^{n}$ possible subsets"
   ]
  },
  {
   "cell_type": "code",
   "execution_count": null,
   "metadata": {
    "collapsed": false
   },
   "outputs": [],
   "source": [
    "# Ennumerative Subset approach\n",
    "function genSubsets(nn)\n",
    "    if (nn==1)\n",
    "        return Array[[1],[]]\n",
    "    else\n",
    "        sol = genSubsets(nn-1);\n",
    "        for i in 1:length(sol)\n",
    "            push!(sol,[sol[i];nn])\n",
    "        end\n",
    "        return sol\n",
    "    end\n",
    "end"
   ]
  },
  {
   "cell_type": "code",
   "execution_count": null,
   "metadata": {
    "collapsed": false
   },
   "outputs": [],
   "source": [
    "m = Model();\n",
    "@variable(m, edge[centers,centers], Bin)\n",
    "@constraint(m, sum(edge) == n-1) # Min spanning tree requirement\n",
    "@objective(m, Min, sum{edge[i,j]*distance[i,j], i in centers, j in centers})\n",
    "for i in centers\n",
    "    @constraint(m,edge[i,i]==0)\n",
    "end\n",
    "subsets = genSubsets(n)\n",
    "for arr in subsets\n",
    "    L = length(arr)\n",
    "    if L > 1\n",
    "        @constraint(m, sum{ edge[centers[i],centers[j]], i in arr, j in arr } <= L-1)\n",
    "    end\n",
    "end\n",
    "solve(m)\n",
    "#println(getvalue(edge))\n",
    "println(getobjectivevalue(m))"
   ]
  },
  {
   "cell_type": "code",
   "execution_count": 5,
   "metadata": {
    "collapsed": false
   },
   "outputs": [],
   "source": [
    "# US Map plotter\n",
    "using PyPlot\n",
    "using PyCall\n",
    "@pyimport mpl_toolkits.basemap as basemap\n",
    "\n",
    "function mapSolution(x=0, y=0)\n",
    "    m=basemap.Basemap(projection=\"merc\", resolution=\"l\",llcrnrlat=23,llcrnrlon=-126,urcrnrlat=50,urcrnrlon=-70)\n",
    "    m[:drawmapboundary](fill_color=\"#4771a5\")\n",
    "    m[:fillcontinents](color=\"#555555\")\n",
    "\n",
    "    # plot airports\n",
    "    for i in centers\n",
    "        m[:plot](lon[i], lat[i], \"ro\" ,latlon=true)\n",
    "    end\n",
    "    \n",
    "    for i in centers\n",
    "        for j in centers\n",
    "            if x[i,j] > 0.9\n",
    "                m[:drawgreatcircle](lon[i],lat[i],lon[j],lat[j],linewidth=1,color=\"g\")\n",
    "            end\n",
    "            if y[i,j] > 0.9\n",
    "                m[:drawgreatcircle](lon[i],lat[i],lon[j],lat[j],linewidth=1,color=\"b\")\n",
    "            end\n",
    "        end\n",
    "    end\n",
    "end\n",
    ";\n",
    "\n",
    "function mapSolution(x=0)\n",
    "    m=basemap.Basemap(projection=\"merc\", resolution=\"l\",llcrnrlat=23,llcrnrlon=-126,urcrnrlat=50,urcrnrlon=-70)\n",
    "    m[:drawmapboundary](fill_color=\"#4771a5\")\n",
    "    m[:fillcontinents](color=\"#555555\")\n",
    "\n",
    "    # plot airports\n",
    "    for i in centers\n",
    "        m[:plot](lon[i], lat[i], \"ro\" ,latlon=true)\n",
    "    end\n",
    "    \n",
    "    for i in centers\n",
    "        for j in centers\n",
    "            if x[i,j] > 0.9\n",
    "                m[:drawgreatcircle](lon[i],lat[i],lon[j],lat[j],linewidth=1,color=\"b\")\n",
    "            end\n",
    "        end\n",
    "    end\n",
    "end\n",
    ";\n",
    "# mapSolution(getvalue(edge))"
   ]
  },
  {
   "cell_type": "markdown",
   "metadata": {},
   "source": [
    "# Connected graphs\n",
    "\n",
    "Here, we attempt to calculate the optimium subgraph using a network flow \"subproblem\". Here, we attempt to find a subgraph with all vertices for which there exists atleast 1 path from a chosen node to every other node, implying that the subgraph is connected. To do so, we fix some node as a source with supply flow of n-1 units. Then we then set every other node as a sink with demand of 1 unit. Every edge can have unlimited flow across it. The only way for this supply and demand to be satisfied is for the supply to be distributed across all nodes, each consuming 1 unit of this flow; that is, there must exist atleast 1 path for the flow from this source to every sink. Hence, we much choose edges in our subgraph such that this flow problem \"constraints\" have some solution, implying connectivity. To achieve the cheapest such subgraph, we minimize the weighed sum of the edges chosen with their weights.\n",
    "\n",
    "We make a quick note that because we are allowing connections between any pairs of cities/nodes, we are considering any edges between any nodes $i,j \\in V$ (as opposed to $i,j \\in V$ s.t. $(i,j) \\in E$, which is equivalent but for general graphs.)"
   ]
  },
  {
   "cell_type": "markdown",
   "metadata": {},
   "source": [
    "# Model\n",
    "## Objective function:\n",
    "\n",
    "Decision variables:\n",
    "We use $x_{i,j}$ as an indicator whether the edge from i to j is included within our subgraph solution. This is a binary indicator variable \n",
    "$x_{i,j} \\in {0,1},\\forall i,j \\in V$\n",
    "\n",
    "We use a nonnegative variable to encode information about the network flow between nodes i and j, as part of the connectivity solution.\n",
    "$flow_{i,j} \\geq 0,\\forall i,j \\in V$\n",
    "\n",
    "Our choice of edges in our subgraph seeks to minimize the total cost, or equivalently, the total distance across all included edge weights. To do so, we calculate the weighted sum of each edges' weight with $x_{i,j}$, the binary indicator of whether it is included in our subgraph.\n",
    "\n",
    "min $\\sum_{i \\in V}\\sum_{j \\in V}c_{i,j}*x_{i,j}$ \n",
    "\n",
    "\n",
    "Constraints:\n",
    "\n",
    "We do not want to consider self loops on nodes as prospective edges.\n",
    "$x_{i,i}=0,\\forall i \\in V$\n",
    "$flow_{i,i}=0,\\forall i \\in V$\n",
    "\n",
    "For node 1, we have a source node with n-1 unit supply. We utilize the conservation of flow equations to form this constraint:\n",
    "$(n-1)+\\sum_{j \\in V} flow_{j,1}*x_{j,1}-\\sum_{j \\in V} flow_{1,j}*x_{1,j} = 0$\n",
    "\n",
    "For all nodes $i \\in V$ with $i \\neq 1$\n",
    "$\\sum_{j \\in V} flow_{j,i}*x_{j,i}-\\sum_{j \\in V} flow_{i,j}*x_{i,j} = 1$\n",
    "\n",
    "We would like to encode the following constaint to force flows only over edges that are \"included\". That is:\n",
    "If there exists a flow from nodes i to j for $i,j \\in V$, then $x_{i,j}=1$\n",
    "\n",
    "Noting that the max flow over any edge is n-1 because there is only n-1 supply over the whole network (from node 1), we can use this as an upper limit to write an equivalent inequality constraint:\n",
    "$(n-1)*x_{i,j} >= flow_{i,j}$ for all $i,j \\in V$"
   ]
  },
  {
   "cell_type": "code",
   "execution_count": 20,
   "metadata": {
    "collapsed": false
   },
   "outputs": [
    {
     "name": "stdout",
     "output_type": "stream",
     "text": [
      "5988.549999999999\n"
     ]
    },
    {
     "data": {
